DOC Start at : Sun Feb 14 11:08:44 2021

Frq. Band 1: 1585 - 1605 Hz  Frq. Band 2: 1900 - 1920 Hz  (Sample Freq: 44100 Hz  Frequency Resolution: 3 Hz  --> Sample Size (Chunk): 14700)
ID          time   Frq Hz: 1584    1586    1590    1592    1596    1599    1602    1898    1902    1905    1908    1911    1914    1917        avg FB1/FB2/sum   max FB1/F / max FB2/F / sum smp/sec
P3 1613318925 11:08:45       46      86      73     117     286      12      81      63      64      74     165      63      65     257      100    107    207   286 1596    257 1917    543   1
P3 1613318926 11:08:46       71      94     194     199     234     113      92      98      31     110     118     439     419     282      142    213    355   234 1596    439 1911    673   1
P3 1613318927 11:08:47       34      26      14      10      44      33      22       1      23       7      46      54      63      22       26     30     56    44 1596     63 1914    107   4
P3 1613318928 11:08:48        4       4       6      15       2      14       5      22      16      14      11       6       0      39        7     15     22    15 1592     39 1917     54   3
P3 1613318929 11:08:49       37       0      47     101      37      25      13       5      34       0      19      14      18     157       37     35     72   101 1592    157 1917    258   3
P3 1613318930 11:08:50        0       0      18       4      38      38      23      26      52      32      32      27     149      79       17     56     73    38 1596    149 1914    187   3
P3 1613318931 11:08:51       57      40      39      37     125      46      48       9     115     204      16      14      24       9       56     55    111   125 1596    204 1905    329   3
P3 1613318932 11:08:52        6      38      50      10       1       4       5      42       6      10      24     139     120      48       16     55     71    50 1590    139 1911    189   2
P3 1613318933 11:08:53     1844    1016    1159     216     813    2817    4194    1778      28    5039   14107   11244   18408   15869     1722   9496  11218  4194 1602  18408 1914  22602   4
P3 1613318934 11:08:54       43      69       8       1       9     124     216     420      85     761     549      17     109     401       67    334    401   216 1602    761 1905    977   3
P3 1613318935 11:08:55      454    1307    3136    3646    1247     482    3295     104     150      59     112       6       6       9     1938     63   2001  3646 1592    150 1902   3796   1
P3 1613318936 11:08:56       21      96      51       3      42      45       7      20      43      30      26      29      78      81       37     43     80    96 1586     81 1917    177   3
P3 1613318937 11:08:57      527     103     364     171     187     350     112     496     394     272    1947    3480     918      10      259   1073   1332   527 1584   3480 1911   4007   1
P3 1613318938 11:08:58       24     231     433     402      66     256     401      18      41      43      22       1      12      58      259     27    286   433 1590     58 1917    491   3
P3 1613318939 11:08:59       26     164     158     175      83      42      12      42      16       0      15       0       8      14       94     13    107   175 1592     42 1898    217   1
P3 1613318940 11:09:00       53      64      75      76     111      21      87    1245     967     193     105     109     106      65       69    398    467   111 1596   1245 1898   1356   3
P3 1613318941 11:09:01      110     151      32       1      12      22      47       9       6      25      13      13      56     148       53     38     91   151 1586    148 1917    299   3
P3 1613318942 11:09:02      103      58     186     272     228     209     143       9      44      40      75      19      73     160      171     60    231   272 1592    160 1917    432   3
P3 1613318943 11:09:03      815    1348    2254    1804      83    1017    2989      98     144     230      57       2       8       5     1472     77   1549  2989 1602    230 1905   3219   1
P3 1613318944 11:09:04      115      96      86      32      18      46      55      35      21       3      61      46       9      29       64     29     93   115 1584     61 1908    176   3
P3 1613318945 11:09:05       44      56      17      15      12      20       8      77      28      17      84     156      89      49       24     71     95    56 1586    156 1911    212   2
P3 1613318946 11:09:06       26       4      13     124      98       7      73      10       1      36      35      28      39      17       49     23     72   124 1592     39 1914    163   3
P3 1613318947 11:09:07       23      67      46      20      10       1      29      79     105     153      70     160      59      12       28     91    119    67 1586    160 1911    227   3
P3 1613318948 11:09:08      174     380      71      13     462     595     240    1170       5     295      84      95      37     110      276    256    532   595 1599   1170 1898   1765   3
P3 1613318949 11:09:09       31      16       3       8      20      16       7      41       2      21       7     112      92      68       14     49     63    31 1584    112 1911    143   3
P3 1613318950 11:09:10      807    1301    1533    2365     446     326    4811     897     782     495     222      12     226     350     1655    426   2081  4811 1602    897 1898   5708   3
P3 1613318951 11:09:11       89     175     141      35       1       7      26       7      30      62      45      11       1       6       67     23     90   175 1586     62 1905    237   3
P3 1613318952 11:09:12        1     157     109      21      14      41     195      23      21      32       8      37      58      87       76     38    114   195 1602     87 1917    282   3
P3 1613318953 11:09:13       54      77     494    1281     896     945     588     490     354     261     699     343    1505    3610      619   1037   1656  1281 1592   3610 1917   4891   3

Frq. Band 1: 1585 - 1605 Hz  Frq. Band 2: 1900 - 1920 Hz  (Sample Freq: 44100 Hz  Frequency Resolution: 3 Hz  --> Sample Size (Chunk): 14700)
ID          time   Frq Hz: 1584    1586    1590    1592    1596    1599    1602    1898    1902    1905    1908    1911    1914    1917        avg FB1/FB2/sum   max FB1/F / max FB2/F / sum smp/sec
P3 1613318954 11:09:14       73       2     100     183     119      98      54      66      42      29       8       5      39     180       89     52    141   183 1592    180 1917    363   4
P3 1613318955 11:09:15      298     520     228     372     370     425    1240     234     210     427     301      71       9      80      493    190    683  1240 1602    427 1905   1667   3
P3 1613318956 11:09:16       25      51       1      46     139     255      50     134       1     236     215      32      59      79       81    108    189   255 1599    236 1905    491   3
P3 1613318957 11:09:17       69      81      16      44      13     112      25      32      65      11      28       1       1      13       51     21     72   112 1599     65 1902    177   3
P3 1613318958 11:09:18      143      41     141     324      16     136      30     114     205      81     124     159      77       9      118    109    227   324 1592    205 1902    529   2
P3 1613318959 11:09:19      109      51     146     253     243      55      13    2773    4271    3570    2829     521     275     390      124   2089   2213   253 1592   4271 1902   4524   3
P3 1613318960 11:09:20       12      85      93      39     136     173      56      11      64      28      64      42      50     101       84     51    135   173 1599    101 1917    274   3
P3 1613318961 11:09:21       33       6      19      66      42       6      17     100      65      21      41       1      26      73       27     46     73    66 1592    100 1898    166   3
P3 1613318962 11:09:22        9      10      29      22      37      14       9      55       7       3       1      44      44      16       18     24     42    37 1596     55 1898     92   3
P3 1613318963 11:09:23       52      84      80      20      41      56      16      14       1      16      28      36     103     104       49     43     92    84 1586    104 1917    188   3
P3 1613318964 11:09:24       14      14       7      32      62      52      13      67      40      29      67      49       4       3       27     37     64    62 1596     67 1898    129   3
P3 1613318965 11:09:25       28     324      88     536     247    2493    2693      11     193     725     184      33      28      32      915    172   1087  2693 1602    725 1905   3418   3
P3 1613318966 11:09:26       14      10      74      45      20       5       7       7      21       6      13      27       5      16       25     13     38    74 1590     27 1911    101   3
P3 1613318967 11:09:27      112      50       1      91     105      92      18       7      29      29      44      97      84      51       67     48    115   112 1584     97 1911    209   3
P3 1613318968 11:09:28      105      16      19       0      12      18       7      42      88      64      22      24      38       7       25     40     65   105 1584     88 1902    193   3
P3 1613318969 11:09:29        0       0      28      48      24       2       3       9      11      38     104      70      19      22       15     39     54    48 1592    104 1908    152   4
P3 1613318970 11:09:30       82      58      34      16      12      33       0       3      26     110      32     107      32      88       33     56     89    82 1584    110 1905    192   3
P3 1613318971 11:09:31       35       2      61      33       7      19      46       4      16       7      52     149      58     136       29     60     89    61 1590    149 1911    210   3
P3 1613318972 11:09:32        7       5      19      19       5       3       1     154      81      27      81     112      39       4        8     71     79    19 1590    154 1898    173   3
P3 1613318973 11:09:33       38      23      14      21       5       2       5       4      15      15       1       4       0       2       15      5     20    38 1584     15 1902     53   3
P3 1613318974 11:09:34       84      44      42      10      14      43      52      40      59     119      64      10      14      99       41     57     98    84 1584    119 1905    203   2
P3 1613318975 11:09:35       17      53     118      78      70       9      12       9      11       8      17      24      36      68       51     24     75   118 1590     68 1917    186   3
P3 1613318976 11:09:36       97      60      38      10      15      55      24      35       6      17      21       8      29       8       42     17     59    97 1584     35 1898    132   3
P3 1613318977 11:09:37       53      87      53      21      71      69       0      33      22      91      89      65     153     267       50    102    152    87 1586    267 1917    354   3
P3 1613318978 11:09:38       69      92      49      48      72      55      25       4      13       2      24      46     442     752       58    183    241    92 1586    752 1917    844   1
P3 1613318979 11:09:39       14      54      12     109     128      40      55      29      38      33      11      24      30      20       58     26     84   128 1596     38 1902    166   3
P3 1613318980 11:09:40        6       3      41      29      22       6      58      10      37     155     103      45      94     118       23     80    103    58 1602    155 1905    213   3
P3 1613318981 11:09:41       46      34      64      68      47      91      70      50      68      41       4       2       6      35       60     29     89    91 1599     68 1902    159   3
P3 1613318982 11:09:42        1       9      50      76      61      20       9      72      17      23      20      88     125      18       32     51     83    76 1592    125 1914    201   3

Frq. Band 1: 1585 - 1605 Hz  Frq. Band 2: 1900 - 1920 Hz  (Sample Freq: 44100 Hz  Frequency Resolution: 3 Hz  --> Sample Size (Chunk): 14700)
ID          time   Frq Hz: 1584    1586    1590    1592    1596    1599    1602    1898    1902    1905    1908    1911    1914    1917        avg FB1/FB2/sum   max FB1/F / max FB2/F / sum smp/sec
P3 1613318983 11:09:43       61      34       9      32      17      10      13      29      76     144      98      72      59      20       25     71     96    61 1584    144 1905    205   4
P3 1613318984 11:09:44       88       0      28      22      38      18      20      74      49      11      19      34      16       1       30     29     59    88 1584     74 1898    162   3
P3 1613318985 11:09:45        3      38      69      88     103      47      36      21       4      12      19      31      50      76       54     30     84   103 1596     76 1917    179   3
P3 1613318986 11:09:46       49     121      76      10      63      75     203       1       4      75      81       4      68      21       85     36    121   203 1602     81 1908    284   3
P3 1613318987 11:09:47       29      93      89      12      10      10      17      83      40       2      14      21      38      84       37     40     77    93 1586     84 1917    177   3
P3 1613318988 11:09:48       33      36       6     161     476     288       6       8      56      68      10      85      27     118      143     53    196   476 1596    118 1917    594   1
P3 1613318989 11:09:49      141     119      40      16      34     108     129      30      72      42       8      52      24       3       83     33    116   141 1584     72 1902    213   3
P3 1613318990 11:09:50       21       1       2       3       4      42     102       0       9       7       0      41      40      27       25     17     42   102 1602     41 1911    143   3
P3 1613318991 11:09:51       34       4      11      66     120      60       9      51      69     150      80      32      15       1       43     56     99   120 1596    150 1905    270   3
P3 1613318992 11:09:52       31      98     353     769     740     551     414    2244     850    1182    2347    1191      88     903      422   1257   1679   769 1592   2347 1908   3116   3
P3 1613318993 11:09:53      252      90     268    1575    3556    3122     463   44547   79988   96325   51656   24674    1367   10188     1332  44106  45438  3556 1596  96325 1905  99881   3
P3 1613318994 11:09:54       25      39      37      14       6      15     139      91       2     264     662    1177    1046    1563       39    686    725   139 1602   1563 1917   1702   2
P3 1613318995 11:09:55       10      11      20     119     132      51      10      21      65      65      10      22      27       9       50     31     81   132 1596     65 1902    197   4
P3 1613318996 11:09:56        2       3      28      72      12      23      17      44       4      31      55     101       0      69       22     43     65    72 1592    101 1911    173   3
P3 1613318997 11:09:57       16       4     103     342     454     293     617       8      49      47      84      50      20      17      261     39    300   617 1602     84 1908    701   3
P3 1613318998 11:09:58      471     443     998     858     310     102     209      24      88     129      89      37      52     101      484     74    558   998 1590    129 1905   1127   3
P3 1613318999 11:09:59       49       0      28      71     517     688     421      71      50      26      50     155     259     167      253    111    364   688 1599    259 1914    947   3
P3 1613319000 11:10:00        6      35      21     190      82      21     152     155     114     765     394      86      52     328       72    270    342   190 1592    765 1905    955   1
P3 1613319001 11:10:01      560     663    1247     313     312     152     863    4849    2639    1345     506     907    1736    1748      587   1961   2548  1247 1590   4849 1898   6096   1
P3 1613319002 11:10:02       88     130     184      78      10      51      28      40     397    1180     776     196     125     332       81    435    516   184 1590   1180 1905   1364   2
P3 1613319003 11:10:03    19219    8019    1734    3845    5314    7948    5738     187     368     104     522    1437     614      96     7402    475   7877 19219 1584   1437 1911  20656   4
P3 1613319004 11:10:04      221     460     289     174    2238     861     212   24069   14956    4635    3373    4475    5878    6801      636   9169   9805  2238 1596  24069 1898  26307   1
P3 1613319005 11:10:05      977     236     194     497     107      83      85      96       3      81     287      32     136     317      311    136    447   977 1584    317 1917   1294   2
P3 1613319006 11:10:06      227     357      37     169     189     391     232     114     162      99      85      46      34     136      228     96    324   391 1599    162 1902    553   3
P3 1613319007 11:10:07       97       5      23      56      80      44      24    2733    3032    1569    1380    1719     351     318       47   1586   1633    97 1584   3032 1902   3129   3
P3 1613319008 11:10:08       68      50     177     451     668     506     334     172      18      13     292     331      52     105      322    140    462   668 1596    331 1911    999   1
P3 1613319009 11:10:09     4973     778      60     148     249     195     462      10      37      12       8       3       9      38      980     16    996  4973 1584     38 1917   5011   3
P3 1613319010 11:10:10        3      17       6       4      19      51      22      79     209     176     103      88      31      41       17    103    120    51 1599    209 1902    260   3
P3 1613319011 11:10:11       72      21     695    1192       5    1113    1776     131     708    1009     652     369     136     404      696    487   1183  1776 1602   1009 1905   2785   1

Frq. Band 1: 1585 - 1605 Hz  Frq. Band 2: 1900 - 1920 Hz  (Sample Freq: 44100 Hz  Frequency Resolution: 3 Hz  --> Sample Size (Chunk): 14700)
ID          time   Frq Hz: 1584    1586    1590    1592    1596    1599    1602    1898    1902    1905    1908    1911    1914    1917        avg FB1/FB2/sum   max FB1/F / max FB2/F / sum smp/sec
P3 1613319012 11:10:12      166     440     701      54     824     234     277    8078     891    2139    2631     134    1903    1561      385   2476   2861   824 1596   8078 1898   8902   4
P3 1613319013 11:10:13      139     776    1271     852     135       4     399     601     372     198      30     223     242     956      510    374    884  1271 1590    956 1917   2227   1
P3 1613319014 11:10:14      138     155     123      31      86      65     808     230     250     217     296       7     502     676      200    311    511   808 1602    676 1917   1484   3
P3 1613319015 11:10:15       20      28       0      47      68       6      26      30      29      14      12      22      33      13       27     21     48    68 1596     33 1914    101   3
P3 1613319016 11:10:16      131      12      26      30       4      38      48      23     128     299     436     245     101     131       41    194    235   131 1584    436 1908    567   1
P3 1613319017 11:10:17       49      50     122     106      12      28      35      44      16      27      63      45       4       1       57     28     85   122 1590     63 1908    185   3
P3 1613319018 11:10:18        1      52      26      30      17      12      18      45      45       5       6      14      13      17       22     20     42    52 1586     45 1898     97   3
P3 1613319019 11:10:19       58       0      22      40       1      88     117      34      61     137     192     211      45     104       46    112    158   117 1602    211 1911    328   3
P3 1613319020 11:10:20       43       8       6      17       9      13      12      26      27      28     101     185      15      50       15     61     76    43 1584    185 1911    228   3
P3 1613319021 11:10:21       23      87     109      45       5      48     124      14      31      70     113       7      26      10       63     38    101   124 1602    113 1908    237   3
P3 1613319022 11:10:22       31      66      33      21      19      20      29      25       5      11      24      35      25      29       31     22     53    66 1586     35 1911    101   3
P3 1613319023 11:10:23       87     149      38       4      19      29       6      16       2      26      34      88      75      28       47     38     85   149 1586     88 1911    237   3
P3 1613319024 11:10:24       54      46      37      31      19       3      51     111      52       2      33      19       6      83       34     43     77    54 1584    111 1898    165   3
P3 1613319025 11:10:25       39      12      25      10      30      83      25      12      50      12      38      18       0       7       32     19     51    83 1599     50 1902    133   3
P3 1613319026 11:10:26      149       9      34     161      76      19      87      54      57      16      71     105      98      10       76     58    134   161 1592    105 1911    266   1
P3 1613319027 11:10:27      113       1       1      14      15      27      68      13      46      59      35      33      35      95       34     45     79   113 1584     95 1917    208   2
P3 1613319028 11:10:28      579     865     246      72      52      15     101      34       5      30     173      47      73     522      275    126    401   865 1586    522 1917   1387   2
P3 1613319029 11:10:29        3      47       5     158     110     115     105     157     195      22      22       2      16     121       77     76    153   158 1592    195 1902    353   2
P3 1613319030 11:10:30        3      20      23      23      22      13       6      36       6      11      64      54      11      61       15     34     49    23 1590     64 1908     87   4
P3 1613319031 11:10:31     3878    4897    3887    1696     944      21     729    4161    8722    7311    4648   14392   48760   22040     2293  15719  18012  4897 1586  48760 1914  53657   2
P3 1613319032 11:10:32      617    1887    1310     256      71     488     301    5827    2028     505     280      41    2342    9044      704   2866   3570  1887 1586   9044 1917  10931   1
P3 1613319033 11:10:33      144       4      58      58      32      16      51      95     216      19      10      52      72     244       51    101    152   144 1584    244 1917    388   1
P3 1613319034 11:10:34        7      24     143     122     128     142      87      10     256     203      62     309     344     161       93    192    285   143 1590    344 1914    487   3
P3 1613319035 11:10:35       31     136      43      17       5     102      33      20      34      30      31      35       9      94       52     36     88   136 1586     94 1917    230   2
P3 1613319036 11:10:36      125     194     103       1      39       1      31      84       5      42      31     182      80      37       70     65    135   194 1586    182 1911    376   2
P3 1613319037 11:10:37       29      54      10      60      57      36      71      48      26      56      18      33       4      25       45     30     75    71 1602     56 1905    127   3
P3 1613319038 11:10:38        3      24      20      66      15      67     214     217      84      19      82     120     205     160       58    126    184   214 1602    217 1898    431   2
P3 1613319039 11:10:39      218       7      53      55      22     115     146     444      47     197     298     272       1      50       88    187    275   218 1584    444 1898    662   4
P3 1613319040 11:10:40      263     145       8      17      15     154     163     776     432     113      72       1     406     932      109    390    499   263 1584    932 1917   1195   3

Frq. Band 1: 1585 - 1605 Hz  Frq. Band 2: 1900 - 1920 Hz  (Sample Freq: 44100 Hz  Frequency Resolution: 3 Hz  --> Sample Size (Chunk): 14700)
ID          time   Frq Hz: 1584    1586    1590    1592    1596    1599    1602    1898    1902    1905    1908    1911    1914    1917        avg FB1/FB2/sum   max FB1/F / max FB2/F / sum smp/sec
P3 1613319041 11:10:41       35      31     122     362     231     116      33    1342   13772    6791   10624   22573   12238     579      132   9702   9834   362 1592  22573 1911  22935   2
P3 1613319042 11:10:42       75      38      79     103       3     228     302    2167    1840     131    2267    2252       5    2703      118   1623   1741   302 1602   2703 1917   3005   4
P3 1613319043 11:10:43       19       6       1      24      89      81     114    2037     128     814    1596     654    1089    6360       47   1811   1858   114 1602   6360 1917   6474   3
P3 1613319044 11:10:44       22      78      92      47     109     187     373      90     604    1757    2401    2588    2228    4383      129   2007   2136   373 1602   4383 1917   4756   3
P3 1613319045 11:10:45       43      80     179     270     474     226      28      40       5       5      92     223     168      32      185     80    265   474 1596    223 1911    697   3
P3 1613319046 11:10:46       26       9      90      68      30       2       1      93      52      52      22      15       8      56       32     42     74    90 1590     93 1898    183   3
P3 1613319047 11:10:47       22      39      45       7       3       8       8       3      67      58       7     101     364     402       18    143    161    45 1590    402 1917    447   4
P3 1613319048 11:10:48      382      15      12     196     645      24    1183      76      18     635     779     609    3646    3685      351   1349   1700  1183 1602   3685 1917   4868   2
P3 1613319049 11:10:49       31       1      45      55      54      13      49       7       7      29     153     135      15      74       35     60     95    55 1592    153 1908    208   3
P3 1613319050 11:10:50       25      54      59      37      26      18      53      14       8      19       1      16      11      28       38     13     51    59 1590     28 1917     87   3
P3 1613319051 11:10:51      203      19     128     230     375     390     492     144     154     277     118      16      25     268      262    143    405   492 1602    277 1905    769   2
P3 1613319052 11:10:52       60      23      22      25     132     235      20      66      73      31      65     159    2155    4789       73   1048   1121   235 1599   4789 1917   5024   4
P3 1613319053 11:10:53       21      33      15     262     302     345     594      35       9       6      38      87      14      10      224     28    252   594 1602     87 1911    681   3
P3 1613319054 11:10:54      752     282     157    1245    2099    1010    1968     579     467     239     380     845    1268    1230     1073    715   1788  2099 1596   1268 1914   3367   2
P3 1613319055 11:10:55      250     143     195      60      71       9      11     342     251      23     806      84     135      69      105    244    349   250 1584    806 1908   1056   4
P3 1613319056 11:10:56       79      68     181      56      96      21      17     262      37     460     206      22     681    1515       74    454    528   181 1590   1515 1917   1696   3
P3 1613319057 11:10:57      436    6805    6359    3175    9397   36338   49292    1044    1383    2747    3512    2302    1986    2822    15971   2256  18227 49292 1602   3512 1908  52804   3
P3 1613319058 11:10:58      111      19      44     115     155      24     134      11      42      66     145     202     127     326       86    131    217   155 1596    326 1917    481   1
P3 1613319059 11:10:59        4      44      83      47      52     163      70     227     131      42     135     313      48      35       66    133    199   163 1599    313 1911    476   1
P3 1613319060 11:11:00       50     118      53       4      56     291      55      15      10      42      29     122     108      49       89     53    142   291 1599    122 1911    413   3
P3 1613319061 11:11:01      470      51      33     462    1027     903    1779     171      56      74     118     241     128     647      675    205    880  1779 1602    647 1917   2426   3
P3 1613319062 11:11:02       11       2       4      41      78     174      14     326     431      46     106     350     484    1655       46    485    531   174 1599   1655 1917   1829   3
P3 1613319063 11:11:03      179      67     351       9     610     698     843     349     322     723     581     198     844    3393      393    915   1308   843 1602   3393 1917   4236   1
P3 1613319064 11:11:04       94     172      50       9      46     174     158      16      58      28       0       0      11     109      100     31    131   174 1599    109 1917    283   3
P3 1613319065 11:11:05      313     317     241     216     133     193     201      12      17      12     108      45     189     504      230    126    356   317 1586    504 1917    821   3
P3 1613319066 11:11:06       58      10      14      12      17      35      10      18       9      28       9      18      27      40       22     21     43    58 1584     40 1917     98   2
P3 1613319067 11:11:07       59      38      29      15      53      23      44      61      21     132      53      60      37      27       37     55     92    59 1584    132 1905    191   4
P3 1613319068 11:11:08      190       9       6      44       3      39      11     154     200     245     832     626     332     235       43    374    417   190 1584    832 1908   1022   3
P3 1613319069 11:11:09      234     384     244      33       9      46      70     419     656     320     116     132     175      18      145    262    407   384 1586    656 1902   1040   1

Frq. Band 1: 1585 - 1605 Hz  Frq. Band 2: 1900 - 1920 Hz  (Sample Freq: 44100 Hz  Frequency Resolution: 3 Hz  --> Sample Size (Chunk): 14700)
ID          time   Frq Hz: 1584    1586    1590    1592    1596    1599    1602    1898    1902    1905    1908    1911    1914    1917        avg FB1/FB2/sum   max FB1/F / max FB2/F / sum smp/sec
P3 1613319070 11:11:10       51      97      59     205     294      19      48       7      78     128       1      51      21      90      110     53    163   294 1596    128 1905    422   3
P3 1613319071 11:11:11       23      84      86      29      24      19      69      59      61      16      36       1      58     102       47     47     94    86 1590    102 1917    188   3
P3 1613319072 11:11:12     1165     333     311     711    8494   10009    3860    9376      50   12097    8780    2259     568   52032     3554  12166  15720 10009 1599  52032 1917  62041   3
P3 1613319073 11:11:13    14451    6882    3352    2294     991     272     183    1297    2578     360    1077      11     950    6512     4060   1826   5886 14451 1584   6512 1917  20963   1
P3 1613319074 11:11:14       56     446     100      91     628     511    1092     131     407     768     383     311     550    7916      417   1495   1912  1092 1602   7916 1917   9008   3
P3 1613319075 11:11:15      275     674     813    1280   24948   42161   23089      38     130      46     250     448    1181    1244    13320    476  13796 42161 1599   1244 1917  43405   3
P3 1613319076 11:11:16      216     302     101    1734    1249     626     944      94      21      15     300     349     931    5159      738    981   1719  1734 1592   5159 1917   6893   2
P3 1613319077 11:11:17      550     185     188      33      14     161     216      78     192     258      41      75     479      58      192    168    360   550 1584    479 1914   1029   3
P3 1613319078 11:11:18        8       4       7       9      34      46      19      37       2      19      48       9       2       1       18     16     34    46 1599     48 1908     94   4
P3 1613319079 11:11:19       38      39      14      57      54      24       0      16       4       6      12      51      20       6       32     16     48    57 1592     51 1911    108   3
P3 1613319080 11:11:20        8      11       2      12      22       4      59     131      24      31      63      48      18       3       16     45     61    59 1602    131 1898    190   3
P3 1613319081 11:11:21       26      71      14      27       2      13      28    4064    5899    7696   15907    2092   10433   54199       25  14327  14352    71 1586  54199 1917  54270   3
P3 1613319082 11:11:22     6364    6036    5798   13025   15740    6429    2096    1829     930     412     685    1230      25    1790     7926    985   8911 15740 1596   1829 1898  17569   2
P3 1613319083 11:11:23       12       7       2      12      63      71      22      51      40      30      15      11      38      12       27     28     55    71 1599     51 1898    122   3
P3 1613319084 11:11:24        6      35      37     140     654     758     580      42     135     421     658     545     868    1340      315    572    887   758 1599   1340 1917   2098   3
P3 1613319085 11:11:25       43      47     163     270     126     116      16      39     111      75      18      12       8      24      111     41    152   270 1592    111 1902    381   4
P3 1613319086 11:11:26       29     232     120     228      48      50       1      31       6      47      59     593    1225    1722      101    526    627   232 1586   1722 1917   1954   3
P3 1613319087 11:11:27       43      20      15       8     112     266     176     375     497     604     640     625     535    3072       91    906    997   266 1599   3072 1917   3338   3
P3 1613319088 11:11:28       25      19     157       1     114      57     100      15       8       7      38       4      30      85       67     26     93   157 1590     85 1917    242   3
P3 1613319089 11:11:29       46       3     101     107      17       9      30      12      31      17     124     206      44      63       44     71    115   107 1592    206 1911    313   3
P3 1613319090 11:11:30      342     204     200     322     128     122     136    1125    1136    1013    1238    1787    2437    6717      207   2207   2414   342 1584   6717 1917   7059   3
P3 1613319091 11:11:31      103      47      24      20      15       4       2      21     271     221       4      70      55     537       30    168    198   103 1584    537 1917    640   3
P3 1613319092 11:11:32       45      30      40      25      13      25      32      20       0      11      29      36      57      47       30     28     58    45 1584     57 1914    102   3
P3 1613319093 11:11:33        3      89      59      35      51      81      20      35       6       6      87     235     892    1366       48    375    423    89 1586   1366 1917   1455   3
P3 1613319094 11:11:34       52       0      39      18      34      29      41      85     295     230     132     176      38     119       30    153    183    52 1584    295 1902    347   1
P3 1613319095 11:11:35       48     120     177      61      57     112      16      39      83     142      61     223     374     140       84    151    235   177 1590    374 1914    551   3
P3 1613319096 11:11:36     1561    1404     374     244     188     136     729     159      82       9     176     742     280     451      662    271    933  1561 1584    742 1911   2303   1
P3 1613319097 11:11:37       99     241     143     143       4     120     133      97     377     257      73      14     100     480      126    199    325   241 1586    480 1917    721   2
P3 1613319098 11:11:38       57      82      45     133     252      65      67      54      35       7      35      43      12      21      100     29    129   252 1596     54 1898    306   4

Frq. Band 1: 1585 - 1605 Hz  Frq. Band 2: 1900 - 1920 Hz  (Sample Freq: 44100 Hz  Frequency Resolution: 3 Hz  --> Sample Size (Chunk): 14700)
ID          time   Frq Hz: 1584    1586    1590    1592    1596    1599    1602    1898    1902    1905    1908    1911    1914    1917        avg FB1/FB2/sum   max FB1/F / max FB2/F / sum smp/sec
P3 1613319099 11:11:39       17     213     103     246     409      30     191    2951     596     338     854    1014     292     997      172   1006   1178   409 1596   2951 1898   3360   2
P3 1613319100 11:11:40       17       4       7      60      98     110      47      54      57     171     134      75      54     171       49    102    151   110 1599    171 1905    281   4
P3 1613319101 11:11:41        5     218     323      59    1949    1896     546      78     157     329      17     195     123     466      713    195    908  1949 1596    466 1917   2415   3
P3 1613319102 11:11:42      138      57      47     219     189      89      26      21      77      58      38      13      95      83      109     55    164   219 1592     95 1914    314   1
P3 1613319103 11:11:43       63       0      19      31      63      95      39       2      39      45      48      95     272      44       44     77    121    95 1599    272 1914    367   2
P3 1613319104 11:11:44        0      51     104      61      63      62       8      31       2      40      25      57      68      18       49     34     83   104 1590     68 1914    172   3
P3 1613319105 11:11:45       15      22       3      29       7      28       6      80      81      55     107      48      33      92       15     70     85    29 1592    107 1908    136   4
P3 1613319106 11:11:46        7      42       4      17       3       7      18      23      96      22      25      12      49       0       14     32     46    42 1586     96 1902    138   2
P3 1613319107 11:11:47       72      56     189     153      93     182    2119   23991   14072    1992    2610    9402    1782    6087      409   8562   8971  2119 1602  23991 1898  26110   3
P3 1613319108 11:11:48       48      57     107     130     184     200      29      18      99      52      22      38     799    4075      107    729    836   200 1599   4075 1917   4275   2
P3 1613319109 11:11:49      943     116      61     414    1202     339     461      61     234    1127     534     160     317     225      505    379    884  1202 1596   1127 1905   2329   2
P3 1613319110 11:11:50      268      47     106      74     193    1840     782    6813    4842    5506    4110    5119    6067    8522      472   5854   6326  1840 1599   8522 1917  10362   3
P3 1613319111 11:11:51       71      57      36      58      57      58       7      45      36      44      62      67       6      30       49     41     90    71 1584     67 1911    138   3
P3 1613319112 11:11:52      245     413     162     317     156      43     223     355     167     124      84      60     228     104      222    160    382   413 1586    355 1898    768   1
P3 1613319113 11:11:53       24      62     145     152      68      78      91      87       5       8      24      34      30       2       88     27    115   152 1592     87 1898    239   3
P3 1613319114 11:11:54        3      22      49      15       0      55      44      22       8      13      50      15      70      33       26     30     56    55 1599     70 1914    125   3
P3 1613319115 11:11:55       49      80     164      40      34      51       5      12      16      30      23      28       0      99       60     29     89   164 1590     99 1917    263   3
P3 1613319116 11:11:56       35      35      26      15       0      44      89       3      35      81      64      19       6      88       34     42     76    89 1602     88 1917    177   3
P3 1613319117 11:11:57       34      41      10      14      26      15      34       1       4      14       3       1      57      23       24     14     38    41 1586     57 1914     98   3
P3 1613319118 11:11:58        2      41      73       9       1       8       9      19      27       1      19      15       4       2       20     12     32    73 1590     27 1902    100   4
P3 1613319119 11:11:59       65      95      76      49      11      20      62      41      60      79     180     114      23      97       54     84    138    95 1586    180 1908    275   3
P3 1613319120 11:12:00       47     101     141     241    1652     223    1421    1218     115     483     161     425    1053    1781      546    748   1294  1652 1596   1781 1917   3433   3
P3 1613319121 11:12:01      484    1278     606      90    8522   11320   12842     171     113     225      87       3     140      68     5020    115   5135 12842 1602    225 1905  13067   1
P3 1613319122 11:12:02        3       9       4       6      38      25      11      45      26     120     127     106      34       1       13     65     78    38 1596    127 1908    165   3
P3 1613319123 11:12:03        0      71       2      86     191     140     431     155     132     198     118      52     239     234      131    161    292   431 1602    239 1914    670   3
P3 1613319124 11:12:04     3161    1910    1127     347     497    1169    2005    9227    3278    3226    5489    3220     396      79     1459   3559   5018  3161 1584   9227 1898  12388   3
P3 1613319125 11:12:05      301      66      24     215     381     267      20      79     124      29      61      23     191     235      182    106    288   381 1596    235 1917    616   3
P3 1613319126 11:12:06    10774    2993    2473    1196     964     533     698   23399   14571   18804   42344   39718   67305  116716     2804  46122  48926 10774 1584  116716 1917  127490   1
P3 1613319127 11:12:07        1      35       2      34      19      21      11     113       1      17      15     233     254      97       17    104    121    35 1586    254 1914    289   3

Frq. Band 1: 1585 - 1605 Hz  Frq. Band 2: 1900 - 1920 Hz  (Sample Freq: 44100 Hz  Frequency Resolution: 3 Hz  --> Sample Size (Chunk): 14700)
ID          time   Frq Hz: 1584    1586    1590    1592    1596    1599    1602    1898    1902    1905    1908    1911    1914    1917        avg FB1/FB2/sum   max FB1/F / max FB2/F / sum smp/sec
P3 1613319128 11:12:08      498    1212     767     320    5322   26973   37699      54      39      25     123      48       8       5    10398     43  10441 37699 1602    123 1908  37822   3
P3 1613319129 11:12:09      520      66     501     242    1221    3294     185    2039    1696    2996    6011    6454    7404    7306      861   4843   5704  3294 1599   7404 1914  10698   1
P3 1613319130 11:12:10      156     223     459      99     374    2128    1293      35     169    2672    7301     870    3460    6057      676   2937   3613  2128 1599   7301 1908   9429   3
P3 1613319131 11:12:11       19      10      47      34      50      43      27     337     246     140    1092     288     509     185       32    399    431    50 1596   1092 1908   1142   3
DOC End   at : Sun Feb 14 11:12:12 2021 by CTRL-C
DOC Start at : Sun Feb 14 11:23:30 2021

Frq. Band 1: 1585 - 1605 Hz  Frq. Band 2: 1900 - 1920 Hz  (Sample Freq: 44100 Hz  Frequency Resolution: 3 Hz  --> Sample Size (Chunk): 14700)
ID          time   Frq Hz: 1584    1586    1590    1592    1596    1599    1602    1898    1902    1905    1908    1911    1914    1917        avg FB1/FB2/sum   max FB1/F / max FB2/F / sum smp/sec
P3 1613319811 11:23:31      265     471     125      34      43      86      19       5     109      83     127     264      99      66      149    107    256   471 1586    264 1911    735   1
P3 1613319812 11:23:32      115      12     133      19     102     134     146      75     222    1079    1238    1077     204     186       94    583    677   146 1602   1238 1908   1384   3
P3 1613319813 11:23:33      130      58      47     124     256      42      17      92     131     357     203     144     313     151       96    198    294   256 1596    357 1905    613   1
P3 1613319814 11:23:34      135      18      39       9     402     110     158    1718     540    1131     865     224    1594    1606      124   1096   1220   402 1596   1718 1898   2120   2
P3 1613319815 11:23:35     2511   70591   71396    9864    5373    6906    7310      58    7408   10118    8369    7605   14791    2974    24850   7331  32181 71396 1590  14791 1914  86187   3
P3 1613319816 11:23:36      191     403     236     891    2187     780    1014    4952      51     673    3228    3097    9169   11833      814   4714   5528  2187 1596  11833 1917  14020   4
P3 1613319817 11:23:37      795     273      51    1037     495     471     673     334     722     698      75      36     388     540      542    399    941  1037 1592    722 1902   1759   2
P3 1613319818 11:23:38        1       0      88     158      95     619     280     108    1370    2448    1828    2661    2984     404      177   1686   1863   619 1599   2984 1914   3603   2
P3 1613319819 11:23:39      673     290     365     236     361    1423    5636    1174   25690   30949    4168   15374   22353   27260     1283  18138  19421  5636 1602  30949 1905  36585   3
P3 1613319820 11:23:40     3605    1354    2448    7908   10076    6567   26252   32467   36026    5814   18682   61547   26650     997     8315  26026  34341 26252 1602  61547 1911  87799   2
P3 1613319821 11:23:41      144      16      75      10      77      52     192     423    1324     925     600     348      33      86       80    534    614   192 1602   1324 1902   1516   3
P3 1613319822 11:23:42       17      12      56      28       4      27      73      62      53      23      56     135     134      27       31     70    101    73 1602    135 1911    208   4
P3 1613319823 11:23:43    40343   24982   23605    6790   12524   33938   13815   39250   52037   78187    9765   26198   18737     603    22285  32111  54396 40343 1584  78187 1905  118530   1
